class	prediction
+1	0.167594
+1	0.271808
+1	0.327769
+1	0.266621
-1	0.163054
+1	0.192470
+1	0.161632
-1	0.122546
+1	0.143720
-1	0.330268
+1	0.234535
-1	0.125476
-1	0.317057
-1	0.187124
-1	0.608280
-1	0.247662
+1	0.387312
+1	0.303770
+1	0.166458
+1	0.404095
-1	0.276774
+1	0.214918
+1	0.123132
-1	0.268289
+1	0.434996
-1	0.161010
+1	0.140740
-1	0.258589
+1	0.295294
+1	0.225940
-1	0.364228
-1	0.436898
+1	0.225063
-1	0.131271
+1	0.610249
-1	0.190556
-1	0.340995
+1	0.202311
-1	0.242459
-1	0.521000
+1	0.106699
+1	0.325200
-1	0.240304
+1	0.503794
-1	0.098950
-1	0.234027
-1	0.170931
-1	0.180794
-1	0.493741
-1	0.157525
+1	0.130805
-1	0.130621
-1	0.304272
-1	0.348537
-1	0.363683
-1	0.359298
+1	0.268024
-1	0.191121
-1	0.396402
-1	0.324011
+1	0.111953
-1	0.293106
-1	0.191175
-1	0.389567
-1	0.208053
-1	0.306678
-1	0.468285
+1	0.143696
-1	0.318317
+1	0.430025
-1	0.174057
-1	0.264715
-1	0.183685
+1	0.238266
+1	0.374211
-1	0.150685
-1	0.127136
+1	0.236985
+1	0.209446
-1	0.218248
-1	0.473933
+1	0.284728
-1	0.228980
+1	0.195798
+1	0.400146
-1	0.207299
+1	0.185228
-1	0.226353
+1	0.394614
-1	0.238044
-1	0.123497
-1	0.281925
-1	0.273399
+1	0.274221
+1	0.272759
+1	0.250648
+1	0.210006
-1	0.202118
-1	0.154762
+1	0.109994
-1	0.194432
+1	0.133557
-1	0.297138
-1	0.315551
-1	0.126327
-1	0.336621
-1	0.162636
-1	0.205527
-1	0.135375
-1	0.317046
+1	0.336542
-1	0.204157
+1	0.128180
-1	0.164982
-1	0.361744
-1	0.224475
-1	0.423312
-1	0.266141
-1	0.165010
-1	0.182967
+1	0.241989
-1	0.145170
-1	0.341227
+1	0.682623
+1	0.227841
-1	0.362940
+1	0.353585
-1	0.228155
-1	0.269784
-1	0.248897
-1	0.474469
-1	0.343424
-1	0.270813
-1	0.170004
+1	0.402324
-1	0.233071
+1	0.124238
+1	0.329712
-1	0.140402
+1	0.115249
-1	0.657037
-1	0.105182
-1	0.234368
-1	0.156837
-1	0.108130
-1	0.263498
+1	0.426330
+1	0.303995
-1	0.199709
-1	0.295081
-1	0.110824
+1	0.164051
-1	0.278907
-1	0.191060
-1	0.154798
-1	0.382451
+1	0.460928
-1	0.204582
-1	0.122165
-1	0.089822
-1	0.456622
+1	0.155311
-1	0.259045
+1	0.397776
-1	0.349450
-1	0.168467
+1	0.643465
-1	0.449977
-1	0.244102
-1	0.500433
-1	0.193605
-1	0.336529
-1	0.361584
-1	0.440095
-1	0.705338
-1	0.325957
-1	0.246992
-1	0.357460
-1	0.236350
-1	0.117878
+1	0.350156
-1	0.228711
-1	0.242880
-1	0.316834
-1	0.135978
-1	0.340703
+1	0.532619
-1	0.372072
-1	0.284007
-1	0.318507
+1	0.454076
-1	0.489056
-1	0.193841
+1	0.215256
-1	0.350489
-1	0.139913
-1	0.602730
-1	0.249589
-1	0.262787
+1	0.189554
-1	0.148576
-1	0.431912
-1	0.275848
-1	0.210864
-1	0.271214
-1	0.197633
-1	0.235200
-1	0.253849
-1	0.421319
+1	0.415086
-1	0.217233
-1	0.314233
+1	0.226212
-1	0.715153
-1	0.300327
-1	0.261871
+1	0.370068
-1	0.592227
+1	0.261561
-1	0.238286
-1	0.291567
-1	0.274288
-1	0.169952
-1	0.319786
-1	0.373993
-1	0.752077
-1	0.552959
-1	0.173083
-1	0.467148
+1	0.535388
-1	0.351234
-1	0.329374
-1	0.763518
-1	0.514092
-1	0.467368
-1	0.439390
-1	0.183620
+1	0.165622
+1	0.381946
-1	0.390340
+1	0.452771
-1	0.226456
+1	0.126390
-1	0.126687
-1	0.150731
-1	0.196266
+1	0.169959
-1	0.137359
-1	0.175680
+1	0.337377
-1	0.124952
-1	0.274079
-1	0.327804
-1	0.591460
+1	0.414367
-1	0.203999
-1	0.224895
-1	0.148863
-1	0.297078
-1	0.346038
+1	0.146644
-1	0.413410
+1	0.293832
+1	0.181198
+1	0.268805
-1	0.381834
-1	0.162201
+1	0.362673
-1	0.849638
-1	0.262244
+1	0.318958
-1	0.534020
-1	0.639955
+1	0.243279
-1	0.350186
-1	0.301734
-1	0.644840
-1	0.139929
+1	0.490349
-1	0.263692
-1	0.353962
-1	0.595293
+1	0.537803
-1	0.631985
-1	0.487898
+1	0.439702
-1	0.130514
-1	0.158997
+1	0.253632
-1	0.199409
-1	0.270043
+1	0.139643
-1	0.549365
-1	0.337518
-1	0.539040
-1	0.124719
+1	0.325081
-1	0.325741
-1	0.259358
+1	0.288207
-1	0.134508
-1	0.257082
-1	0.074900
-1	0.361079
+1	0.425098
-1	0.463383
+1	0.421051
-1	0.287863
+1	0.424599
-1	0.686177
-1	0.228786
+1	0.354601
+1	0.275897
-1	0.346638
-1	0.222090
-1	0.180465
-1	0.483052
-1	0.379724
-1	0.342865
+1	0.281451
-1	0.386403
+1	0.150167
+1	0.563276
+1	0.510184
-1	0.251501
+1	0.247224
-1	0.302276
-1	0.121057
+1	0.547333
+1	0.483620
+1	0.558457
+1	0.298298
-1	0.162775
-1	0.289171
-1	0.447159
-1	0.280103
-1	0.499461
-1	0.202716
+1	0.432578
-1	0.244743
-1	0.429891
-1	0.425580
-1	0.561611
-1	0.335003
-1	0.453741
-1	0.240371
-1	0.497132
-1	0.536125
-1	0.391608
+1	0.346780
-1	0.463960
+1	0.292401
-1	0.263164
-1	0.209401
-1	0.179432
-1	0.245545
-1	0.340513
+1	0.545468
-1	0.260994
-1	0.280380
-1	0.359453
-1	0.355152
-1	0.279353
-1	0.189550
-1	0.162529
-1	0.155134
-1	0.294843
-1	0.239207
-1	0.464567
+1	0.337074
-1	0.172166
-1	0.388515
+1	0.216687
+1	0.304264
-1	0.234958
-1	0.163760
+1	0.689607
-1	0.235468
-1	0.383613
+1	0.824021
-1	0.228702
+1	0.134503
-1	0.144298
-1	0.102577
-1	0.402429
-1	0.447506
-1	0.411666
+1	0.403375
+1	0.512327
-1	0.127231
-1	0.369731
-1	0.229195
-1	0.549285
-1	0.250228
-1	0.222691
-1	0.154383
-1	0.254649
+1	0.610667
-1	0.377508
-1	0.367591
-1	0.298776
-1	0.378294
-1	0.168481
-1	0.182521
-1	0.234959
-1	0.304944
-1	0.219077
-1	0.204309
+1	0.230558
+1	0.229944
+1	0.188496
-1	0.410063
-1	0.306829
-1	0.217182
-1	0.603432
+1	0.242558
-1	0.425287
+1	0.308531
-1	0.201235
-1	0.345370
-1	0.251322
-1	0.346219
-1	0.420763
-1	0.207130
-1	0.284219
+1	0.384600
-1	0.123891
-1	0.553830
-1	0.282631
-1	0.320789
-1	0.257421
+1	0.221184
-1	0.249178
-1	0.250328
-1	0.150109
+1	0.180407
-1	0.211472
-1	0.822752
-1	0.485540
-1	0.379148
-1	0.274973
+1	0.330964
+1	0.329261
-1	0.300999
-1	0.206348
-1	0.186261
-1	0.565543
-1	0.332896
+1	0.278142
+1	0.364443
-1	0.327463
-1	0.307648
-1	0.240919
-1	0.274240
+1	0.443379
-1	0.764174
+1	0.295773
-1	0.170968
-1	0.394133
-1	0.328443
-1	0.306691
-1	0.233733
-1	0.222612
-1	0.373039
-1	0.549879
-1	0.366264
-1	0.267503
+1	0.547282
-1	0.226899
+1	0.431215
+1	0.382437
-1	0.359781
-1	0.568667
-1	0.254651
+1	0.429602
+1	0.284857
-1	0.308525
-1	0.051154
-1	0.203722
+1	0.134488
-1	0.239387
-1	0.566382
+1	0.741740
+1	0.459144
-1	0.096606
-1	0.099071
-1	0.204330
-1	0.085724
-1	0.601055
-1	0.058741
-1	0.285035
-1	0.125110
-1	0.069060
-1	0.220572
-1	0.328230
-1	0.214760
-1	0.165262
-1	0.097296
-1	0.274732
+1	0.271558
-1	0.167712
-1	0.163658
-1	0.229254
+1	0.095186
+1	0.276231
-1	0.138311
+1	0.110400
-1	0.094317
+1	0.073047
-1	0.588372
+1	0.191030
-1	0.150256
-1	0.163403
-1	0.055950
-1	0.075870
-1	0.109157
+1	0.177111
-1	0.116865
-1	0.474205
-1	0.121940
-1	0.076923
-1	0.158051
-1	0.132942
-1	0.145391
-1	0.378988
-1	0.094498
-1	0.105162
-1	0.217593
+1	0.221189
-1	0.100451
-1	0.182362
+1	0.390884
-1	0.157031
-1	0.131094
-1	0.067182
+1	0.124788
+1	0.082905
-1	0.069498
-1	0.294872
-1	0.226804
+1	0.171306
-1	0.189702
+1	0.112279
-1	0.210415
-1	0.150175
-1	0.107994
-1	0.154781
-1	0.133319
-1	0.072914
-1	0.106643
-1	0.063577
-1	0.114924
-1	0.764274
-1	0.053799
+1	0.125616
-1	0.435431
+1	0.105031
-1	0.121169
-1	0.149488
-1	0.095458
-1	0.183259
-1	0.242374
-1	0.166668
-1	0.214686
-1	0.117174
-1	0.075705
-1	0.189947
-1	0.264694
-1	0.040037
-1	0.423178
-1	0.301239
-1	0.154519
-1	0.107431
-1	0.095185
-1	0.153108
-1	0.134190
-1	0.079736
+1	0.642993
-1	0.102379
+1	0.097353
-1	0.070388
-1	0.133391
-1	0.092654
+1	0.513121
+1	0.141504
-1	0.544568
-1	0.116414
+1	0.629931
+1	0.106240
-1	0.267047
-1	0.183528
-1	0.323600
-1	0.096486
-1	0.071800
-1	0.207945
-1	0.199662
+1	0.554884
-1	0.135197
-1	0.102488
-1	0.168641
+1	0.309763
+1	0.122783
-1	0.185190
-1	0.421910
+1	0.166392
-1	0.057762
+1	0.108183
-1	0.071759
+1	0.132771
-1	0.391557
-1	0.122272
-1	0.049485
-1	0.171821
-1	0.043134
-1	0.220710
-1	0.123044
+1	0.074140
+1	0.295113
-1	0.454687
-1	0.111081
+1	0.076499
-1	0.723438
-1	0.138848
-1	0.139265
-1	0.091875
-1	0.137854
-1	0.159243
+1	0.262098
-1	0.104972
-1	0.304328
+1	0.238470
-1	0.100253
-1	0.059086
+1	0.105669
-1	0.198265
-1	0.161008
-1	0.130625
-1	0.176979
-1	0.171287
+1	0.093246
-1	0.107835
-1	0.417571
-1	0.434161
-1	0.183673
-1	0.183251
-1	0.048879
-1	0.227928
-1	0.099286
+1	0.192888
-1	0.177690
-1	0.252743
-1	0.398359
-1	0.063567
-1	0.236609
-1	0.073261
+1	0.424729
-1	0.060678
-1	0.249404
-1	0.072937
-1	0.068623
-1	0.115538
-1	0.232077
-1	0.189653
-1	0.196245
-1	0.110473
-1	0.297602
-1	0.203459
-1	0.199924
-1	0.479659
+1	0.386169
-1	0.147583
+1	0.310055
-1	0.354888
-1	0.059639
-1	0.125982
-1	0.215431
-1	0.141827
+1	0.316220
-1	0.159893
-1	0.365432
-1	0.097248
-1	0.561262
-1	0.086703
-1	0.403591
-1	0.181574
-1	0.089486
-1	0.106863
-1	0.133937
-1	0.390185
-1	0.083223
-1	0.195479
-1	0.655216
-1	0.206492
-1	0.066858
-1	0.159200
-1	0.253099
-1	0.090351
+1	0.079061
-1	0.200606
-1	0.110518
-1	0.549539
-1	0.141787
-1	0.269172
-1	0.281475
-1	0.448338
-1	0.189622
-1	0.169703
-1	0.081410
-1	0.167013
-1	0.617453
-1	0.740139
-1	0.083614
-1	0.195662
-1	0.186014
-1	0.117666
+1	0.076974
+1	0.233607
-1	0.180632
-1	0.152125
-1	0.326058
-1	0.231934
+1	0.332462
-1	0.134711
+1	0.176070
-1	0.157054
-1	0.342438
-1	0.242675
-1	0.377287
-1	0.138490
-1	0.131897
-1	0.214996
-1	0.107341
-1	0.075502
-1	0.142214
+1	0.284259
-1	0.097202
-1	0.248416
-1	0.137581
+1	0.085467
-1	0.121284
+1	0.160675
+1	0.139947
-1	0.313970
-1	0.095315
-1	0.329595
-1	0.309994
-1	0.195864
-1	0.175234
-1	0.117812
-1	0.172498
-1	0.180164
-1	0.151919
-1	0.297905
-1	0.103914
-1	0.244418
-1	0.532063
-1	0.056467
-1	0.077915
-1	0.244533
+1	0.454889
-1	0.180072
-1	0.150773
-1	0.647050
+1	0.150173
-1	0.206971
-1	0.092758
-1	0.150950
-1	0.186233
+1	0.418092
-1	0.356110
-1	0.220460
-1	0.130196
-1	0.085635
+1	0.079622
-1	0.400708
-1	0.373470
-1	0.150897
-1	0.068511
-1	0.116606
-1	0.198355
-1	0.041590
-1	0.136095
+1	0.269907
-1	0.116897
+1	0.266900
-1	0.101854
-1	0.169727
+1	0.129910
+1	0.082153
-1	0.257251
-1	0.139759
+1	0.153000
+1	0.369175
-1	0.411157
-1	0.739909
-1	0.185651
+1	0.077736
-1	0.087235
-1	0.145494
-1	0.116631
-1	0.196049
-1	0.195746
-1	0.186585
-1	0.305631
-1	0.172602
-1	0.068248
-1	0.147430
-1	0.183085
-1	0.157595
-1	0.193821
+1	0.182610
-1	0.172927
-1	0.209231
+1	0.104281
+1	0.158019
-1	0.052177
+1	0.154145
+1	0.547099
-1	0.296916
-1	0.051747
-1	0.102211
-1	0.227264
-1	0.267489
-1	0.204998
-1	0.083338
-1	0.390769
-1	0.306086
-1	0.086511
-1	0.080541
-1	0.205155
-1	0.199784
-1	0.133579
-1	0.186726
-1	0.234824
-1	0.090553
-1	0.107660
-1	0.215049
-1	0.147908
-1	0.101647
-1	0.132296
-1	0.215465
-1	0.246667
-1	0.274933
+1	0.332445
-1	0.628326
+1	0.101869
+1	0.174973
-1	0.218867
-1	0.340154
-1	0.098264
+1	0.306806
-1	0.130463
-1	0.156040
-1	0.168205
-1	0.577787
-1	0.124904
-1	0.167342
-1	0.080535
-1	0.430180
-1	0.288654
+1	0.128088
+1	0.155202
-1	0.281804
+1	0.118275
-1	0.268637
-1	0.131155
-1	0.065411
-1	0.102375
-1	0.117566
-1	0.082815
-1	0.099831
-1	0.124322
-1	0.101971
+1	0.111901
+1	0.203155
-1	0.428933
-1	0.217416
+1	0.086257
-1	0.304360
-1	0.122635
-1	0.116418
+1	0.671125
-1	0.103067
-1	0.533995
-1	0.101240
-1	0.320025
-1	0.653298
-1	0.064434
-1	0.370858
-1	0.172395
-1	0.303703
-1	0.124634
-1	0.284843
-1	0.786162
-1	0.198121
-1	0.152019
+1	0.947447
-1	0.198052
-1	0.183510
-1	0.262112
-1	0.147925
-1	0.181946
-1	0.156795
-1	0.281330
-1	0.185778
+1	0.133190
+1	0.086804
-1	0.214534
-1	0.295667
-1	0.088000
+1	0.099359
-1	0.494912
-1	0.359026
-1	0.159030
-1	0.179896
-1	0.088168
-1	0.175930
-1	0.086167
-1	0.095423
-1	0.267345
+1	0.088037
-1	0.301981
-1	0.156114
-1	0.686290
-1	0.146259
+1	0.535101
-1	0.116019
-1	0.228258
-1	0.085017
-1	0.065780
-1	0.305723
+1	0.126986
-1	0.120320
-1	0.135265
-1	0.148770
-1	0.091883
-1	0.135147
-1	0.085400
+1	0.279028
-1	0.347056
-1	0.104986
-1	0.274017
-1	0.305654
-1	0.239732
-1	0.104625
-1	0.181140
-1	0.205017
-1	0.199205
-1	0.079171
-1	0.084609
-1	0.083939
-1	0.210938
-1	0.148681
-1	0.042756
-1	0.115945
+1	0.133261
-1	0.053010
+1	0.165506
-1	0.236109
-1	0.417437
-1	0.206223
-1	0.269074
-1	0.495811
-1	0.207693
-1	0.098798
-1	0.265118
-1	0.436712
-1	0.623487
-1	0.101637
-1	0.089719
-1	0.175481
-1	0.071709
+1	0.100337
-1	0.183834
-1	0.106525
-1	0.170132
+1	0.280661
-1	0.220831
-1	0.042203
-1	0.157593
-1	0.181055
-1	0.126251
-1	0.214904
-1	0.317777
-1	0.222735
-1	0.106229
-1	0.164020
+1	0.119652
-1	0.295770
-1	0.130012
-1	0.099655
-1	0.144984
-1	0.176910
-1	0.162666
-1	0.164877
-1	0.228907
-1	0.099591
-1	0.105036
-1	0.099551
-1	0.248581
+1	0.160322
-1	0.246393
+1	0.918169
-1	0.468465
+1	0.916222
+1	0.582469
-1	0.502741
+1	0.834985
+1	0.438444
+1	0.856879
-1	0.564784
+1	0.574838
+1	0.834718
+1	0.815710
-1	0.309828
+1	0.662166
+1	0.718155
+1	0.935572
-1	0.672992
+1	0.948200
+1	0.924373
+1	0.500716
+1	0.820576
+1	0.882296
+1	0.696649
+1	0.863904
-1	0.464720
+1	0.819372
-1	0.841104
+1	0.970686
-1	0.856190
+1	0.885724
+1	0.797461
+1	0.849184
+1	0.626445
+1	0.488880
+1	0.433399
-1	0.915450
-1	0.964753
+1	0.968388
+1	0.881708
+1	0.635158
+1	0.753588
-1	0.797569
+1	0.698181
+1	0.810692
+1	0.668929
+1	0.670874
+1	0.669102
+1	0.487213
-1	0.653415
+1	0.927474
+1	0.361428
-1	0.609487
+1	0.598003
+1	0.936099
+1	0.871847
+1	0.499350
+1	0.726872
+1	0.906904
+1	0.810373
+1	0.796175
+1	0.705188
-1	0.378602
+1	0.951718
-1	0.593994
-1	0.874964
+1	0.462901
+1	0.904126
-1	0.416738
+1	0.864197
-1	0.498780
+1	0.905063
-1	0.831480
+1	0.537532
+1	0.934131
+1	0.644990
+1	0.579402
+1	0.462919
+1	0.586224
+1	0.479716
-1	0.359841
+1	0.807573
+1	0.568310
+1	0.685084
+1	0.906011
+1	0.896145
-1	0.884985
+1	0.615498
+1	0.835436
+1	0.838753
+1	0.658281
+1	0.563645
+1	0.363635
+1	0.869891
+1	0.958492
-1	0.653371
+1	0.588137
+1	0.530697
+1	0.764976
-1	0.913442
+1	0.723911
-1	0.762229
+1	0.565396
-1	0.413623
+1	0.782234
+1	0.736513
-1	0.935070
+1	0.504979
+1	0.499154
+1	0.639322
+1	0.729323
+1	0.646241
-1	0.242220
-1	0.547036
+1	0.689549
+1	0.667155
+1	0.915582
+1	0.913806
+1	0.888407
-1	0.786432
+1	0.525839
+1	0.758345
+1	0.845174
+1	0.691570
+1	0.914463
+1	0.895698
+1	0.911392
-1	0.508818
+1	0.533445
+1	0.858577
+1	0.531741
+1	0.564246
+1	0.484044
-1	0.728216
+1	0.596894
+1	0.772944
+1	0.796443
+1	0.513523
+1	0.861150
-1	0.906497
+1	0.433959
+1	0.831099
+1	0.879847
+1	0.826114
+1	0.938444
+1	0.749864
+1	0.725329
-1	0.825849
+1	0.651355
-1	0.569275
+1	0.767741
+1	0.610628
+1	0.726004
+1	0.346356
+1	0.944561
+1	0.818074
+1	0.731202
-1	0.794042
+1	0.701823
-1	0.748778
-1	0.864143
-1	0.270159
+1	0.582004
+1	0.757034
-1	0.700410
-1	0.544958
+1	0.627564
-1	0.530795
+1	0.730388
+1	0.309562
-1	0.611910
-1	0.403686
+1	0.356862
+1	0.933949
+1	0.815734
-1	0.680256
+1	0.795364
+1	0.367886
+1	0.584358
+1	0.514412
+1	0.506587
+1	0.605641
-1	0.845586
+1	0.709345
+1	0.793867
-1	0.359869
+1	0.474885
-1	0.351675
+1	0.925619
-1	0.684606
+1	0.726562
-1	0.851874
+1	0.891744
+1	0.790417
+1	0.939661
+1	0.423690
-1	0.535930
+1	0.742054
+1	0.645199
+1	0.592447
+1	0.581969
+1	0.859642
-1	0.599389
+1	0.890991
+1	0.776980
+1	0.803301
-1	0.426140
-1	0.408442
+1	0.728448
-1	0.576327
-1	0.597395
+1	0.731037
+1	0.544686
+1	0.704782
-1	0.343061
+1	0.813808
+1	0.446490
+1	0.860592
+1	0.634360
+1	0.679368
+1	0.821850
+1	0.833417
-1	0.808849
-1	0.602830
+1	0.941710
+1	0.831529
+1	0.908418
+1	0.608060
+1	0.577923
-1	0.797421
-1	0.781199
+1	0.873239
+1	0.617808
+1	0.882943
-1	0.852946
-1	0.713942
+1	0.807097
-1	0.593848
+1	0.676006
+1	0.915434
-1	0.321933
+1	0.247832
+1	0.516460
+1	0.743332
+1	0.896974
+1	0.838170
-1	0.485053
+1	0.750325
+1	0.929988
+1	0.517221
+1	0.644372
+1	0.323213
+1	0.922470
+1	0.761626
-1	0.762853
-1	0.533607
-1	0.760614
-1	0.713651
-1	0.522194
-1	0.817519
+1	0.940311
-1	0.545674
+1	0.845043
+1	0.728778
+1	0.883950
+1	0.589473
+1	0.457509
+1	0.499708
-1	0.709811
+1	0.414235
+1	0.842001
+1	0.508401
+1	0.549903
+1	0.558773
+1	0.827474
-1	0.777550
+1	0.860697
+1	0.831650
+1	0.630520
+1	0.519192
+1	0.131994
+1	0.899389
+1	0.766832
+1	0.886964
+1	0.764460
+1	0.846199
-1	0.219058
+1	0.529613
+1	0.565806
+1	0.694282
+1	0.687706
+1	0.874284
+1	0.446956
+1	0.733818
+1	0.486913
+1	0.875768
+1	0.783584
-1	0.801095
+1	0.932905
+1	0.852895
-1	0.444541
+1	0.283894
+1	0.546697
+1	0.790318
+1	0.626764
+1	0.846220
+1	0.882265
+1	0.841284
+1	0.724512
-1	0.528481
-1	0.575795
-1	0.420073
-1	0.542771
-1	0.442494
+1	0.548369
+1	0.879918
-1	0.922575
+1	0.947083
-1	0.780557
+1	0.847530
-1	0.409626
+1	0.189974
-1	0.814767
+1	0.777514
+1	0.663771
-1	0.515179
-1	0.403022
-1	0.618530
+1	0.905415
+1	0.252606
+1	0.955719
+1	0.858011
+1	0.508216
+1	0.882952
+1	0.712351
+1	0.397355
+1	0.561105
+1	0.566101
+1	0.822719
+1	0.501112
+1	0.645405
+1	0.541715
+1	0.923616
+1	0.873896
+1	0.527403
+1	0.567009
-1	0.313981
+1	0.508761
+1	0.791441
+1	0.913184
-1	0.799825
-1	0.504094
+1	0.850379
+1	0.727217
-1	0.878659
+1	0.811329
+1	0.955190
+1	0.762215
+1	0.717267
+1	0.940038
+1	0.559908
+1	0.691672
+1	0.539891
-1	0.385884
-1	0.776868
+1	0.715271
-1	0.584494
+1	0.846307
+1	0.914188
+1	0.851469
+1	0.746786
+1	0.904166
+1	0.775605
+1	0.638924
-1	0.626928
+1	0.671482
+1	0.734397
+1	0.525230
+1	0.734100
-1	0.235600
+1	0.492893
+1	0.849619
-1	0.641086
+1	0.347323
+1	0.818899
+1	0.742618
-1	0.623927
+1	0.681244
-1	0.428856
+1	0.831003
-1	0.872507
-1	0.388389
-1	0.891313
+1	0.702782
+1	0.636307
+1	0.628580
-1	0.882212
-1	0.887994
-1	0.487625
+1	0.697428
+1	0.834517
+1	0.899462
-1	0.714571
+1	0.542319
+1	0.604252
-1	0.245535
+1	0.384481
+1	0.573636
+1	0.694730
+1	0.613505
-1	0.771854
+1	0.452701
+1	0.496047
+1	0.452455
+1	0.731421
+1	0.664865
+1	0.609616
+1	0.336287
-1	0.792901
-1	0.149151
+1	0.402995
-1	0.775388
+1	0.912583
-1	0.684575
+1	0.872193
+1	0.541358
+1	0.585520
-1	0.697945
+1	0.837416
+1	0.653405
+1	0.614834
+1	0.300728
+1	0.855813
+1	0.476469
-1	0.854849
+1	0.954040
+1	0.906198
+1	0.600192
+1	0.787931
-1	0.783015
+1	0.664372
+1	0.746843
+1	0.712999
+1	0.816538
+1	0.930513
+1	0.921277
+1	0.855838
+1	0.932853
-1	0.696625
-1	0.802280
+1	0.798063
-1	0.790392
+1	0.916278
+1	0.719985
+1	0.685557
+1	0.950709
+1	0.627167
-1	0.720514
+1	0.750809
+1	0.814360
+1	0.318079
-1	0.557741
+1	0.650661
-1	0.623911
+1	0.607954
+1	0.443199
+1	0.189330
+1	0.496544
+1	0.844775
+1	0.444184
+1	0.317978
-1	0.622985
-1	0.582141
+1	0.423099
+1	0.611110
-1	0.299547
+1	0.504403
+1	0.433819
-1	0.404987
-1	0.676295
+1	0.162971
-1	0.723333
-1	0.646679
+1	0.411118
+1	0.877398
-1	0.594528
+1	0.365362
+1	0.572788
-1	0.489207
+1	0.869101
+1	0.824772
+1	0.850971
+1	0.655531
+1	0.927348
-1	0.823853
+1	0.703624
+1	0.778475
-1	0.660825
-1	0.727755
+1	0.589511
+1	0.400048
-1	0.876042
+1	0.792785
+1	0.480400
+1	0.829524
+1	0.525142
+1	0.774922
-1	0.893729
-1	0.794734
+1	0.950357
+1	0.768867
-1	0.734181
+1	0.892752
-1	0.714982
+1	0.871617
+1	0.481051
+1	0.807158
-1	0.486151
+1	0.665145
+1	0.541643
+1	0.761187
+1	0.606609
-1	0.476160
-1	0.903751
+1	0.482452
-1	0.697014
+1	0.213758
+1	0.928246
-1	0.499573
-1	0.417929
+1	0.542734
+1	0.665233
+1	0.347585
+1	0.919037
-1	0.435235
-1	0.697552
+1	0.636083
+1	0.937467
-1	0.584526
+1	0.510373
+1	0.755627
+1	0.914474
+1	0.803373
-1	0.510155
+1	0.946846
+1	0.920644
+1	0.669780
+1	0.316934
+1	0.842907
+1	0.910869
-1	0.771508
-1	0.775590
+1	0.788547
+1	0.629057
+1	0.657943
+1	0.670643
+1	0.893958
+1	0.843596
+1	0.828701
+1	0.623851
+1	0.383770
+1	0.621851
+1	0.751299
-1	0.549811
+1	0.334565
+1	0.899303
+1	0.554967
+1	0.935018
+1	0.708155
+1	0.915271
-1	0.838923
+1	0.753179
+1	0.951106
+1	0.866018
-1	0.636869
+1	0.937247
-1	0.717093
+1	0.890719
+1	0.759741
+1	0.423232
-1	0.790890
+1	0.698588
-1	0.718146
-1	0.912860
+1	0.731821
+1	0.867262
+1	0.853592
+1	0.888958
-1	0.811921
-1	0.667455
+1	0.519460
+1	0.500316
+1	0.719001
-1	0.891960
+1	0.504547
-1	0.354880
-1	0.917832
+1	0.921846
-1	0.575324
