class	score
+1	0.000073
+1	0.016288
+1	0.378734
+1	0.999733
-1	0.000044
+1	0.024214
+1	0.001062
-1	0.000259
+1	0.000000
-1	0.998311
+1	0.000190
-1	0.000239
-1	0.999794
-1	0.000000
-1	0.218109
-1	0.994982
+1	0.993687
+1	0.978207
+1	0.000000
+1	0.000021
-1	0.000005
+1	0.984628
+1	0.014560
-1	0.000503
+1	0.699496
-1	0.000318
+1	0.000000
-1	0.000005
+1	0.000445
+1	0.002084
-1	0.000005
-1	0.999996
+1	0.000002
-1	0.006501
+1	0.999821
-1	0.003777
-1	0.000577
+1	0.381400
-1	0.002318
-1	0.000000
+1	0.000005
+1	1.000000
-1	0.000044
+1	0.004856
-1	0.000000
-1	0.000001
-1	0.000002
-1	0.319442
-1	0.000000
-1	0.000004
+1	0.000042
-1	0.056275
-1	0.206370
-1	0.395195
-1	0.545436
-1	0.002565
+1	0.962958
-1	0.000004
-1	0.766766
-1	0.000002
+1	0.000001
-1	0.909835
-1	0.000000
-1	0.999996
-1	0.000000
-1	0.004118
-1	0.999888
+1	0.000679
-1	0.000000
+1	0.016532
-1	0.000000
-1	0.010307
-1	0.000879
+1	0.804729
+1	0.554673
-1	0.000046
-1	0.021063
+1	0.000098
+1	0.981339
-1	0.000350
-1	0.002036
+1	0.000000
-1	0.000334
+1	0.012265
+1	0.193966
-1	0.000000
+1	0.004235
-1	0.000239
+1	0.000791
-1	0.000019
-1	0.002745
-1	0.005035
-1	0.000469
+1	0.000001
+1	0.000122
+1	0.000002
+1	0.000001
-1	0.000000
-1	0.321048
+1	0.000000
-1	0.286842
+1	0.000146
-1	0.730159
-1	0.222528
-1	0.001645
-1	0.000022
-1	0.000000
-1	0.000000
-1	0.000044
-1	0.226186
+1	0.000442
-1	0.000006
+1	0.000005
-1	0.030392
-1	0.000000
-1	0.000102
-1	1.000000
-1	0.000002
-1	0.016473
-1	0.000086
+1	0.028895
-1	0.000367
-1	0.970593
+1	0.999985
+1	0.000111
-1	0.001065
+1	0.000573
-1	0.937870
-1	0.000690
-1	0.000000
-1	0.007756
-1	0.736722
-1	0.032222
-1	0.000010
+1	0.000000
-1	0.993990
+1	0.001745
+1	0.000360
-1	0.000000
+1	0.472727
-1	0.003683
-1	0.000615
-1	0.000002
-1	0.000003
-1	0.000033
-1	0.000001
+1	0.999945
+1	0.000207
-1	0.009697
-1	0.000002
-1	0.438382
+1	0.000243
-1	0.000564
-1	0.000130
-1	0.011862
-1	0.999035
+1	0.999807
-1	0.000004
-1	0.000000
-1	0.000001
-1	0.997110
+1	0.000050
-1	0.000014
+1	0.001218
-1	0.999647
-1	0.000016
+1	0.980897
-1	0.100179
-1	0.001397
-1	0.000541
-1	0.000001
-1	0.051655
-1	0.000391
-1	0.001748
-1	0.923488
-1	0.377406
-1	0.000187
-1	0.968774
-1	0.000059
-1	0.002096
+1	0.048464
-1	0.012637
-1	0.002507
-1	0.003755
-1	0.149769
-1	0.378458
+1	0.999985
-1	0.004950
-1	0.000028
-1	0.050029
+1	0.999786
-1	0.865862
-1	0.001999
+1	0.229426
-1	0.014569
-1	0.000867
-1	0.998832
-1	0.000135
-1	0.013504
+1	0.000320
-1	0.000310
-1	0.999992
-1	0.994241
-1	0.000000
-1	0.030982
-1	0.000148
-1	0.005483
-1	0.000000
-1	0.999924
+1	0.999997
-1	0.999989
-1	0.000001
+1	0.000000
-1	0.000125
-1	0.001005
-1	0.488303
+1	0.973297
-1	0.001321
+1	0.720245
-1	0.003070
-1	0.127726
-1	0.921657
-1	0.000751
-1	0.000011
-1	0.159190
-1	0.997291
-1	0.000187
-1	0.000214
-1	0.995014
+1	0.891343
-1	0.006117
-1	0.000000
-1	0.234931
-1	0.619120
-1	0.011989
-1	0.091068
-1	0.974586
+1	0.000000
+1	0.084149
-1	0.566245
+1	0.712840
-1	0.126369
+1	0.001791
-1	0.000145
-1	0.000071
-1	0.000002
+1	0.000075
-1	0.001883
-1	0.004237
+1	0.999928
-1	0.000005
-1	0.995954
-1	0.001195
-1	0.733547
+1	0.004395
-1	0.000765
-1	0.000192
-1	0.000000
-1	0.292881
-1	0.000022
+1	0.000000
-1	0.046575
+1	0.969370
+1	0.999953
+1	0.008849
-1	0.000031
-1	0.000001
+1	0.000190
-1	0.999998
-1	0.000016
+1	0.001788
-1	0.000017
-1	0.025675
+1	0.000001
-1	0.004403
-1	0.029545
-1	0.003691
-1	0.000030
+1	0.949451
-1	0.267121
-1	0.015517
-1	1.000000
+1	0.000085
-1	0.325983
-1	0.000378
+1	0.001524
-1	0.000111
-1	0.016732
+1	0.001266
-1	0.072584
-1	0.003669
+1	0.000995
-1	0.999799
-1	0.002227
-1	0.039496
-1	0.000002
+1	0.011146
-1	0.000013
-1	0.000000
+1	0.999980
-1	0.000540
-1	0.000004
-1	0.000081
-1	0.000003
+1	0.326998
-1	0.001650
+1	0.999996
-1	0.549074
+1	0.949578
-1	0.926603
-1	0.000750
+1	0.798029
+1	0.994851
-1	0.001002
-1	0.997202
-1	0.985879
-1	0.000148
-1	0.195000
-1	0.000009
+1	0.999221
-1	0.999991
+1	0.016995
+1	0.024505
+1	0.998974
-1	0.000004
+1	0.015900
-1	0.000001
-1	0.003877
+1	0.007792
+1	0.001668
+1	0.005901
+1	0.974485
-1	0.000000
-1	0.000008
-1	0.014855
-1	0.994469
-1	0.001297
-1	0.086169
+1	0.032485
-1	0.000109
-1	0.000388
-1	0.997190
-1	0.001713
-1	0.529383
-1	0.426944
-1	0.007201
-1	0.000193
-1	0.050936
-1	0.000008
+1	0.000545
-1	0.999945
+1	0.202109
-1	0.357007
-1	0.994532
-1	0.873324
-1	0.683881
-1	0.000710
+1	0.568786
-1	0.000263
-1	0.150730
-1	0.908226
-1	0.911403
-1	0.644349
-1	0.000576
-1	0.721076
-1	0.377107
-1	0.060932
-1	0.000026
-1	0.254078
+1	0.474068
-1	0.000095
-1	0.000052
+1	0.000000
+1	0.033793
-1	0.000043
-1	0.000014
+1	0.861754
-1	0.000000
-1	0.070066
+1	0.999832
-1	0.000002
+1	0.612249
-1	0.000000
-1	0.284170
-1	0.222232
-1	0.002217
-1	0.970276
+1	0.001417
+1	0.009453
-1	0.035738
-1	0.813662
-1	0.000000
-1	0.000001
-1	0.000003
-1	0.000001
-1	0.888152
-1	0.910976
+1	0.001641
-1	0.990333
-1	0.044692
-1	0.003493
-1	0.977865
-1	0.000064
-1	0.000304
-1	0.000012
-1	0.007773
-1	0.001387
-1	0.000401
+1	0.000028
+1	0.020228
+1	0.032075
-1	0.063680
-1	0.905832
-1	0.000443
-1	0.051893
+1	0.000000
-1	0.019616
+1	0.986091
-1	0.205791
-1	0.098024
-1	0.023964
-1	0.000005
-1	0.000050
-1	0.000038
-1	0.988472
+1	0.437818
-1	0.001144
-1	0.000003
-1	0.005155
-1	0.551110
-1	0.000004
+1	0.108135
-1	0.859919
-1	0.089881
-1	0.000001
+1	0.000120
-1	0.000003
-1	0.967693
-1	0.000375
-1	0.001054
-1	0.008749
+1	0.000193
+1	0.000028
-1	0.737034
-1	0.054170
-1	0.000097
-1	0.018236
-1	0.008893
+1	0.312834
+1	0.262160
-1	0.002059
-1	0.000014
-1	0.000260
-1	0.004874
+1	0.000037
-1	0.997519
+1	0.627497
-1	0.001787
-1	0.763029
-1	0.999938
-1	0.000014
-1	0.000803
-1	0.233475
-1	0.414178
-1	0.000011
-1	0.008598
-1	0.103733
+1	0.041642
-1	0.003731
+1	0.024274
+1	0.206841
-1	0.857616
-1	0.045470
-1	0.496836
+1	0.011566
+1	0.000000
-1	0.069238
-1	0.908117
-1	0.000051
+1	0.000001
-1	0.000000
-1	0.000398
+1	0.000027
+1	0.492004
-1	0.001694
-1	0.000162
-1	0.000006
-1	0.000722
-1	0.000000
-1	0.029548
-1	0.838611
-1	0.000006
-1	0.000007
-1	0.000020
-1	0.000419
-1	0.000001
-1	0.000007
-1	0.003161
-1	0.001032
+1	0.000001
-1	0.000349
-1	0.000017
-1	0.999938
+1	0.000413
+1	0.131773
-1	0.000000
+1	0.137971
-1	0.000002
+1	0.000000
-1	0.000116
+1	0.000001
-1	0.028540
-1	0.000000
-1	0.000145
-1	0.386254
-1	0.025552
+1	0.000001
-1	0.007497
-1	0.318364
-1	0.000009
-1	0.045659
-1	0.000667
-1	0.000024
-1	0.000001
-1	0.000001
-1	0.000000
-1	0.000022
-1	0.580375
+1	0.001367
-1	0.000003
-1	0.000021
+1	0.878523
-1	0.000000
-1	0.000731
-1	0.000002
+1	0.000030
+1	0.006438
-1	0.000004
-1	0.000024
-1	0.190886
+1	0.402254
-1	0.000000
+1	0.000299
-1	0.000018
-1	0.521644
-1	0.000000
-1	0.000070
-1	0.990506
-1	0.763507
-1	0.992252
-1	0.000602
-1	0.000184
-1	0.152066
-1	0.000025
+1	0.010928
-1	0.000000
+1	0.000680
-1	0.000000
-1	0.001245
-1	0.000068
-1	0.000021
-1	0.000156
-1	0.000005
-1	0.000002
-1	0.000096
-1	0.000049
-1	0.005030
-1	0.001364
-1	0.000000
-1	0.011248
-1	0.000013
-1	0.000798
-1	0.000000
-1	0.174062
-1	0.003384
-1	0.000123
-1	0.000000
+1	0.999978
-1	0.000000
+1	0.000001
-1	0.000001
-1	0.000007
-1	0.000000
+1	0.004660
+1	0.001471
-1	0.015110
-1	0.000464
+1	0.000001
+1	0.000080
-1	0.487069
-1	0.003261
-1	0.999903
-1	0.001341
-1	0.000234
-1	0.919659
-1	0.000003
+1	1.000000
-1	0.000984
-1	0.014268
-1	0.001566
+1	0.004660
+1	0.017829
-1	0.051272
-1	0.000004
+1	0.507388
-1	0.000000
+1	0.000035
-1	0.002876
+1	0.010411
-1	0.998417
-1	0.000000
-1	0.251849
-1	0.000972
-1	0.000000
-1	0.000031
-1	0.230046
+1	0.000222
+1	0.991251
-1	0.998554
-1	0.000002
+1	0.014089
-1	0.223495
-1	0.002377
-1	0.007207
-1	0.000377
-1	0.000010
-1	0.133616
+1	0.997156
-1	0.000000
-1	0.004360
+1	0.848536
-1	0.018493
-1	0.000323
+1	0.000024
-1	0.000007
-1	0.000000
-1	0.000518
-1	0.000000
-1	0.000001
+1	0.163162
-1	0.000024
-1	0.003576
-1	0.949238
-1	0.000388
-1	0.002901
-1	0.000533
-1	0.006926
-1	0.000017
+1	0.001274
-1	0.013470
-1	0.002743
-1	0.000038
-1	0.000331
-1	0.000009
-1	0.000204
+1	0.992581
-1	0.000020
-1	0.073771
-1	0.000000
-1	0.000001
-1	0.000008
-1	0.995963
-1	0.000000
-1	0.866388
-1	0.000149
-1	0.000104
-1	0.000467
-1	0.521195
-1	0.006300
+1	0.032639
-1	0.000059
+1	0.000002
-1	0.800673
-1	0.000000
-1	0.055459
-1	0.000054
-1	0.426102
+1	0.399525
-1	0.000000
-1	0.000092
-1	0.000411
-1	0.000408
-1	0.000000
-1	0.000486
-1	0.001672
-1	0.000000
-1	0.028912
-1	0.000305
-1	0.009388
-1	0.000004
-1	0.000003
-1	0.000005
-1	0.000017
-1	0.000000
-1	0.862643
-1	0.000219
-1	0.000000
+1	0.000009
-1	0.000491
-1	0.051996
-1	0.000370
-1	0.000001
-1	0.477581
-1	0.972257
-1	0.000578
-1	0.003824
-1	0.000063
-1	0.000197
-1	0.687124
-1	0.171034
-1	0.999999
-1	0.000581
-1	0.000017
-1	0.301588
-1	0.008234
+1	0.000000
+1	0.996728
-1	0.000562
-1	0.011500
-1	0.000418
-1	0.006155
+1	0.000283
-1	0.003775
+1	0.036351
-1	0.000024
-1	0.999103
-1	0.012612
-1	0.000136
-1	0.999999
-1	0.009202
-1	0.000002
-1	0.000000
-1	0.000000
-1	0.437824
+1	0.000732
-1	0.381822
-1	0.000427
-1	0.000018
+1	0.000073
-1	0.000006
+1	0.069695
+1	0.015135
-1	0.000152
-1	0.000000
-1	0.000000
-1	0.051301
-1	0.000000
-1	0.000000
-1	0.999821
-1	0.000001
-1	0.000024
-1	0.000143
-1	0.001671
-1	0.010727
-1	0.000001
-1	0.048154
-1	0.000012
-1	0.001166
-1	0.925080
+1	0.073757
-1	0.048067
-1	0.668241
-1	0.000001
+1	0.096588
-1	0.003999
-1	0.000051
-1	0.000003
-1	0.000000
+1	0.155041
-1	0.000572
-1	0.995352
-1	0.000006
-1	0.000000
+1	0.050323
-1	0.000000
-1	0.000001
-1	0.000067
-1	0.000098
-1	0.832778
-1	0.001630
-1	0.000000
-1	0.998482
+1	0.360286
-1	0.000000
+1	0.001589
-1	0.233145
-1	0.005307
+1	0.000025
+1	0.000034
-1	0.724764
-1	0.067589
+1	0.002718
+1	0.033377
-1	0.000642
-1	0.321986
-1	0.001199
+1	0.000026
-1	0.596157
-1	0.000000
-1	0.886977
-1	0.011335
-1	0.000416
-1	0.000022
-1	0.000001
-1	0.002124
-1	0.070073
-1	0.000761
-1	0.001582
-1	0.000001
-1	0.138511
+1	0.000060
-1	0.101484
-1	0.026943
+1	0.000014
+1	0.077952
-1	0.000002
+1	0.172625
+1	0.000431
-1	0.000003
-1	0.000010
-1	0.000000
-1	0.999913
-1	0.000000
-1	0.999678
-1	0.000296
-1	0.977964
-1	0.000001
-1	0.999635
-1	0.001655
-1	0.076830
-1	0.002514
-1	0.000091
-1	0.000001
-1	0.000019
-1	0.000382
-1	0.999999
-1	0.982511
-1	0.007444
-1	0.000000
-1	0.000021
-1	0.000007
-1	0.021600
-1	0.000008
+1	0.005410
-1	0.999153
+1	0.896137
+1	0.137135
-1	0.000001
-1	0.000002
-1	0.000000
+1	0.002619
-1	0.000005
-1	0.000021
-1	0.000699
-1	0.001359
-1	0.000005
-1	0.974022
-1	0.001199
-1	0.000224
-1	0.000194
+1	0.000007
+1	0.998098
-1	0.000003
+1	0.930894
-1	0.000006
-1	0.000004
-1	0.000012
-1	0.000061
-1	0.000000
-1	0.000104
-1	0.000000
-1	0.000198
-1	0.086372
+1	0.000001
+1	0.001664
-1	0.798623
-1	0.231395
+1	0.000076
-1	0.963199
-1	0.000001
-1	0.000045
+1	0.704584
-1	0.893826
-1	0.044286
-1	0.993497
-1	0.988394
-1	0.999955
-1	0.000002
-1	0.817165
-1	0.000000
-1	0.002753
-1	0.967182
-1	0.000584
-1	0.361199
-1	0.000006
-1	0.000306
+1	0.999992
-1	0.001184
-1	0.000000
-1	0.000034
-1	0.000014
-1	0.000009
-1	0.000011
-1	0.908375
-1	0.999962
+1	0.962714
+1	0.546603
-1	0.543329
-1	0.000000
-1	0.000018
+1	0.268335
-1	0.999972
-1	0.991390
-1	0.018113
-1	0.000045
-1	0.000007
-1	0.000656
-1	0.000000
-1	0.000002
-1	0.000000
+1	0.000395
-1	0.000001
-1	0.001392
-1	0.022860
-1	0.025619
+1	0.000629
-1	0.000742
-1	0.000003
-1	0.000000
-1	0.000474
-1	0.933421
+1	0.000025
-1	0.761787
-1	0.000766
-1	0.000194
-1	0.000007
-1	0.000013
-1	0.000017
+1	0.000267
-1	0.944887
-1	0.000003
-1	0.201719
-1	0.026959
-1	0.028746
-1	0.000031
-1	0.000004
-1	0.026750
-1	0.000043
-1	0.000020
-1	0.005692
-1	0.003180
-1	0.710998
-1	0.000000
-1	0.000105
-1	0.000172
+1	0.001262
-1	0.000000
+1	0.000004
-1	0.000000
-1	0.998906
-1	0.000000
-1	0.100279
-1	0.015019
-1	0.000006
-1	0.000000
-1	0.000005
-1	0.000084
-1	0.008025
-1	0.000081
-1	0.000019
-1	0.000127
-1	0.000000
+1	0.027360
-1	0.999998
-1	0.005802
-1	0.000000
+1	0.004981
-1	0.000007
-1	0.000001
-1	0.000001
-1	0.000141
-1	0.000005
-1	0.628638
-1	0.000002
-1	0.148757
-1	0.000000
-1	0.483250
+1	0.000000
-1	0.000027
-1	0.003107
-1	0.086592
-1	0.000342
-1	0.000000
-1	0.000027
-1	0.000001
-1	0.000000
-1	0.000052
-1	0.005441
-1	0.000002
-1	0.300432
+1	0.000005
-1	0.170115
+1	1.000000
-1	1.000000
+1	0.999999
+1	1.000000
-1	0.999866
+1	0.998388
+1	0.000085
+1	0.986468
-1	0.989549
+1	1.000000
+1	0.894534
+1	1.000000
-1	0.912159
+1	0.990098
+1	0.991160
+1	0.995858
-1	0.999508
+1	0.999791
+1	0.999999
+1	0.999915
+1	0.992786
+1	1.000000
+1	0.646816
+1	0.999996
-1	0.000068
+1	0.895465
-1	1.000000
+1	1.000000
-1	0.999852
+1	1.000000
+1	0.999820
+1	1.000000
+1	0.999966
+1	0.999916
+1	0.995513
-1	0.009018
-1	0.999999
+1	1.000000
+1	0.999960
+1	1.000000
+1	1.000000
-1	0.362009
+1	0.999209
+1	0.826879
+1	0.001136
+1	0.999976
+1	0.999998
+1	0.984922
-1	0.066001
+1	1.000000
+1	0.201057
-1	0.043003
+1	0.242144
+1	1.000000
+1	0.999742
+1	0.193218
+1	0.958038
+1	1.000000
+1	0.999826
+1	0.999380
+1	0.999997
-1	0.999482
+1	0.999707
-1	0.975263
-1	0.000196
+1	0.992116
+1	0.692858
-1	0.028541
+1	0.999999
-1	0.379327
+1	0.999999
-1	1.000000
+1	0.916498
+1	1.000000
+1	0.173910
+1	0.002874
+1	0.000001
+1	1.000000
+1	0.887609
-1	0.503954
+1	0.999915
+1	0.009431
+1	0.013478
+1	0.215833
+1	0.994600
-1	0.999527
+1	0.033755
+1	0.025779
+1	0.999995
+1	0.976508
+1	0.000237
+1	1.000000
+1	0.996382
+1	1.000000
-1	0.016769
+1	1.000000
+1	0.245319
+1	0.979835
-1	0.926553
+1	0.999907
-1	0.994925
+1	0.685777
-1	0.030873
+1	1.000000
+1	0.999734
-1	0.733339
+1	0.825418
+1	0.370895
+1	0.999964
+1	0.961751
+1	0.999994
-1	0.000037
-1	0.998142
+1	0.999791
+1	0.879321
+1	0.999990
+1	0.996480
+1	1.000000
-1	0.000757
+1	0.950700
+1	0.999998
+1	0.999999
+1	0.999995
+1	0.999740
+1	1.000000
+1	0.999983
-1	0.018520
+1	0.999984
+1	0.999999
+1	0.988144
+1	0.999884
+1	0.999892
-1	1.000000
+1	0.999866
+1	0.998975
+1	0.998780
+1	0.984324
+1	0.999968
-1	0.981305
+1	0.999534
+1	0.999357
+1	0.655601
+1	1.000000
+1	1.000000
+1	0.869050
+1	0.999995
-1	1.000000
+1	0.999967
-1	0.812014
+1	0.993810
+1	0.743793
+1	0.999892
+1	0.000194
+1	1.000000
+1	0.999504
+1	0.999998
-1	0.893098
+1	1.000000
-1	0.999099
-1	0.987172
-1	0.003172
+1	0.862880
+1	0.000134
-1	1.000000
-1	0.000008
+1	1.000000
-1	0.029387
+1	0.999975
+1	0.999998
-1	1.000000
-1	0.685522
+1	0.999998
+1	1.000000
+1	0.981976
-1	0.974106
+1	1.000000
+1	0.000000
+1	0.000269
+1	1.000000
+1	0.007220
+1	0.999988
-1	1.000000
+1	1.000000
+1	0.998745
-1	0.000332
+1	0.091918
-1	0.970907
+1	0.999949
-1	0.182227
+1	1.000000
-1	0.958940
+1	1.000000
+1	0.999947
+1	0.995624
+1	0.000116
-1	0.649113
+1	0.999952
+1	0.999687
+1	0.905794
+1	0.011091
+1	1.000000
-1	0.449260
+1	0.984886
+1	0.988986
+1	0.999986
-1	0.995467
-1	0.004643
+1	0.000134
-1	0.998513
-1	0.999999
+1	0.999993
+1	0.337699
+1	0.999479
-1	0.443478
+1	1.000000
+1	0.004614
+1	0.999999
+1	0.167220
+1	0.999638
+1	0.022995
+1	0.999130
-1	0.999900
-1	0.999875
+1	0.998970
+1	1.000000
+1	1.000000
+1	0.999998
+1	0.747707
-1	0.999997
-1	0.999965
+1	0.974708
+1	0.999967
+1	0.997130
-1	0.999003
-1	0.999992
+1	1.000000
-1	0.597187
+1	1.000000
+1	0.999990
-1	0.000062
+1	1.000000
+1	0.000351
+1	0.353471
+1	0.998698
+1	0.999977
-1	0.999702
+1	0.890797
+1	0.999999
+1	0.012900
+1	0.989553
+1	0.000127
+1	1.000000
+1	0.999736
-1	0.876569
-1	0.999296
-1	0.000112
-1	0.589168
-1	0.578317
-1	0.999997
+1	0.950937
-1	0.000004
+1	0.000358
+1	0.996087
+1	1.000000
+1	0.084522
+1	0.000614
+1	0.104419
-1	0.996409
+1	0.000000
+1	0.974830
+1	0.909794
+1	0.020930
+1	0.001882
+1	0.999999
-1	0.994230
+1	0.999009
+1	0.999999
+1	0.999996
+1	0.019900
+1	0.000005
+1	0.989766
+1	1.000000
+1	1.000000
+1	0.488896
+1	0.999972
-1	0.000043
+1	0.999978
+1	0.999986
+1	0.999954
+1	0.998493
+1	0.725756
+1	0.000046
+1	0.026437
+1	0.999300
+1	1.000000
+1	0.999961
-1	1.000000
+1	1.000000
+1	0.980218
-1	0.994541
+1	0.939771
+1	0.998322
+1	0.995095
+1	0.657572
+1	0.988749
+1	0.999999
+1	0.990151
+1	0.995957
-1	0.003197
-1	0.027708
-1	0.990341
-1	0.000135
-1	0.000143
+1	0.286787
+1	1.000000
-1	0.999914
+1	0.998671
-1	0.005697
+1	0.999400
-1	0.997193
+1	0.925533
-1	0.987620
+1	0.999997
+1	0.557534
-1	0.913121
-1	0.999998
-1	0.992373
+1	1.000000
+1	0.053459
+1	0.999945
+1	1.000000
+1	0.441414
+1	0.985379
+1	0.576648
+1	0.002985
+1	0.054593
+1	0.999986
+1	0.872420
+1	0.986064
+1	0.451560
+1	0.721056
+1	1.000000
+1	1.000000
+1	0.926508
+1	0.039693
-1	0.000009
+1	0.999967
+1	0.003689
+1	0.999890
-1	0.989714
-1	0.000749
+1	0.999999
+1	0.005595
-1	0.990491
+1	0.999990
+1	0.999979
+1	0.002628
+1	1.000000
+1	0.997676
+1	0.993032
+1	0.998053
+1	0.998675
-1	0.032511
-1	0.998982
+1	0.000000
-1	0.000411
+1	0.488399
+1	0.903899
+1	0.999738
+1	0.176972
+1	1.000000
+1	0.046090
+1	0.999969
-1	0.999871
+1	0.066617
+1	0.999966
+1	0.000042
+1	0.507063
-1	0.867318
+1	0.192673
+1	0.999964
-1	0.999977
+1	0.564484
+1	0.999619
+1	1.000000
-1	0.964873
+1	0.927798
-1	0.901607
+1	0.246338
-1	0.987556
-1	0.273827
-1	0.999996
+1	0.128168
+1	0.001433
+1	0.999998
-1	0.999499
-1	0.999998
-1	0.995430
+1	0.998840
+1	1.000000
+1	1.000000
-1	1.000000
+1	0.503541
+1	0.998487
-1	0.000008
+1	0.000000
+1	1.000000
+1	0.999976
+1	0.168699
-1	1.000000
+1	0.000582
+1	0.000468
+1	0.940571
+1	1.000000
+1	0.998542
+1	0.990884
+1	0.000001
-1	0.999327
-1	0.000016
+1	0.997781
-1	0.038837
+1	1.000000
-1	0.001120
+1	0.999944
+1	0.836017
+1	0.988946
-1	0.986732
+1	0.997462
+1	0.918507
+1	0.874246
+1	0.000000
+1	0.080406
+1	0.000183
-1	0.989234
+1	0.999996
+1	0.998179
+1	0.000423
+1	0.999971
-1	1.000000
+1	0.001480
+1	0.997424
+1	0.010405
+1	0.999984
+1	0.478522
+1	0.999378
+1	1.000000
+1	0.999996
-1	0.998422
-1	0.000116
+1	0.999889
-1	0.999997
+1	1.000000
+1	0.988156
+1	1.000000
+1	0.999999
+1	0.001730
-1	1.000000
+1	0.956978
+1	0.997743
+1	0.000019
-1	0.387181
+1	1.000000
-1	0.022073
+1	0.999195
+1	0.910152
+1	0.000001
+1	0.999954
+1	0.999770
+1	0.995181
+1	0.989179
-1	0.999979
-1	0.999945
+1	1.000000
+1	0.999999
-1	0.000721
+1	0.977080
+1	0.002302
-1	0.095966
-1	0.997762
+1	0.000135
-1	0.999801
-1	0.999989
+1	0.000038
+1	1.000000
-1	0.999999
+1	0.999244
+1	1.000000
-1	0.955548
+1	0.999999
+1	0.999575
+1	1.000000
+1	0.999980
+1	0.999434
-1	0.999259
+1	0.996846
+1	1.000000
-1	0.998416
-1	1.000000
+1	0.000667
+1	0.988774
-1	1.000000
+1	1.000000
+1	0.520278
+1	1.000000
+1	0.000708
+1	1.000000
-1	0.999998
-1	0.943633
+1	1.000000
+1	0.999991
-1	0.999999
+1	1.000000
-1	0.961780
+1	1.000000
+1	1.000000
+1	0.160346
-1	0.999928
+1	1.000000
+1	0.999846
+1	0.961851
+1	0.999744
-1	0.513056
-1	1.000000
+1	0.997130
-1	0.671648
+1	0.000003
+1	0.094362
-1	0.999627
-1	0.553581
+1	1.000000
+1	0.997531
+1	0.789159
+1	0.999997
-1	0.999460
-1	0.985938
+1	0.703846
+1	1.000000
-1	1.000000
+1	0.569904
+1	0.632642
+1	1.000000
+1	0.999803
-1	0.033577
+1	0.999978
+1	0.999998
+1	0.999994
+1	0.048526
+1	0.999993
+1	0.999948
-1	0.001268
-1	0.992486
+1	1.000000
+1	0.991410
+1	0.999596
+1	0.997995
+1	1.000000
+1	0.999995
+1	0.999856
+1	0.009586
+1	0.999998
+1	0.953731
+1	0.008650
-1	0.145630
+1	0.999653
+1	0.999885
+1	0.999993
+1	1.000000
+1	0.983966
+1	0.983384
-1	0.999997
+1	1.000000
+1	1.000000
+1	0.999935
-1	0.494110
+1	1.000000
-1	0.999926
+1	0.998398
+1	1.000000
+1	0.000002
-1	0.999979
+1	0.997989
-1	0.930198
-1	0.985977
+1	0.996620
+1	0.999973
+1	0.999614
+1	0.999987
-1	0.999952
-1	1.000000
+1	0.000897
+1	0.349525
+1	0.999915
-1	0.978222
+1	0.000022
-1	0.081064
-1	0.999899
+1	0.999997
-1	0.056957
